0,273
0,270
24,1
24,3
3,2
3,1
3,3
10,153
10,104
10,73
10,165
10,221
10,268
10,255
10,1
10,185
10,2
10,3
11,23
11,11
11,27
11,5
11,14
11,17
11,24
11,1
11,21
11,2
11,3
9,7
9,6
9,1
9,4
9,2
9,3
8,7
8,14
8,15
8,18
8,8
8,1
8,16
8,2
8,3
12,2
12,1
12,3
20,2
20,1
20,3
19,2
19,1
19,3
18,1
18,3
47,4
47,3
47,2
47,1
47,0
46,4
46,3
14,1
46,2
46,1
14,3
46,0
44,4
44,3
13,1
44,2
44,1
13,3
44,0
43,4
43,3
43,2
43,1
43,0
41,5
41,4
41,3
41,2
41,1
41,0
38,6
38,5
38,4
38,3
38,2
38,1
2,2
38,0
36,6
36,5
36,4
36,3
2,1
36,2
36,1
2,3
36,0
34,6
